C1 = 108.4
A1 = 532

C2 = 107.9
A2 = 201

Cbg = (C1 - C2) / (A1 - A2)
Cbg = 0.5 / 331 = 0.00151 per sq. s

l = C2 - Cbg * A2 = 107.9 - 0.30351 = 107.59649